T0 : 37.816478014
T1 : 32.0000491142
T2 : 77.7016339302
T3 : 29.4062819481
T4 : 36.1957349777
T5 : 76.5965371132
T6 : 116.804177999
T7 : 34.4954319
T8 : 67.1001250744
T9 : 71.1008780003
T10 : 33.1983208656
T11 : 32.7049591541
T12 : 138.500954866
T13 : 79.5949230194
T14 : 40.8012650013
T15 : 24.6025271416
T16 : 42.4961459637
T17 : 40.2015378475
T18 : 72.3008320332
T19 : 62.9984951019
T20 : 39.6998429298
T21 : 49.8035330772
T22 : 32.6996290684
T23 : 32.3004338741
T24 : 20.4964399338
T25 : 26.0001840591
T26 : 62.6994071007
T27 : 51.6994140148
T28 : 31.2058439255
T29 : 41.8986160755
T30 : 55.3957769871
T31 : 40.1042678356
T32 : 39.8029689789
T33 : 32.3960990906
T34 : 62.5965750217
T35 : 46.0046100616
T36 : 56.7000210285
T37 : 119.595569849
T38 : 30.0012559891
T39 : 111.603111982
T40 : 29.5991611481
T41 : 40.9102540016
T42 : 31.1861138344
T43 : 53.6034040451
T44 : 103.100242138
T45 : 23.8963639736
T46 : 26.5003218651
T47 : 93.2477760315
T48 : 89.7046539783
T49 : 119.391443968
T50 : 112.611121178
T51 : 34.6927609444
T52 : 40.2000200748
T53 : 34.297935009
T54 : 88.9020709991
T55 : 41.4058969021
T56 : 88.0903060436
T57 : 36.0007388592
T58 : 38.103302002
T59 : 232.098155022

P0 : 1
P1 : 0
P2 : 16
P3 : 2
P4 : 0
P5 : 8
P6 : 6
P7 : 0
P8 : 4
P9 : 3
P10 : 0
P11 : 0
P12 : 5
P13 : 0
P14 : 2
P15 : 16
P16 : 0
P17 : 1
P18 : 5
P19 : 11
P20 : 0
P21 : 0
P22 : 0
P23 : 2
P24 : 0
P25 : 0
P26 : 1
P27 : 0
P28 : 0
P29 : 0
P30 : 0
P31 : 0
P32 : 0
P33 : 0
P34 : 4
P35 : 0
P36 : 2
P37 : 0
P38 : 0
P39 : 39
P40 : 0
P41 : 0
P42 : 0
P43 : 1
P44 : 1
P45 : 0
P46 : 1
P47 : 3
P48 : 5
P49 : 1
P50 : 4
P51 : 0
P52 : 0
P53 : 0
P54 : 0
P55 : 3
P56 : 3
P57 : 0
P58 : 0
P59 : 2

Q1 : 33.0749804378
Q2 : 41.1580754519
Q3 : 73.3747583032
