T0 : 81.314688921
T1 : 110.203896999
T2 : 46.0041320324
T3 : 64.993721962
T4 : 59.5020911694
T5 : 24.7987918854
T6 : 57.0978770256
T7 : 90.7981469631
T8 : 50.7078700066
T9 : 35.4946379662


Q1 : 47.1800665259
Q2 : 58.2999840975
Q3 : 77.2344471812
